had
751.7986258008247 1524.6778437235803;
726.0849483756988 1557.4269327637544;
770.1432345421057 1476.808931324476;

hod
673.4441367843009 845.6681753585084;
667.8758066784357 869.2233827868688;
638.4830084515235 844.3962097550345;

hud
735.5505574311559 1280.2017452489647;
709.5536845469464 1237.5851978349963;
690.8519896477638 1306.0859555563727;

hoe'd
485.4614655713617 1186.4528930066924 > 338.559276541085 899.4188885214361
487.64007492637404 1379.9760506512332 > 358.6173301966873 987.1737073376781
492.01785611606886 1440.3379876033805 > 340.4152748988162 941.0117298567368

hood
433.3871888333638 1377.1922312808563;
427.04671266698205 1466.4683950457295;
443.6879064504892 1456.8944534426116;

who'd
294.94740118452523 1428.9387926098
296.5717158994715 1459.356562635817
305.53101831079294 1455.5273458178885

heed
257.7423871565117 2134.049399687316;
266.2002857620717 2125.141280108013;
265.17060032416543 2166.591498787904;

hid
373.9529672416725 1970.2144500578183
369.27988786610285 1968.7822057297133
404.98000761590794 1938.2047679105137

hayed
338.3626737133761 2152.818988742152;
356.0492342411823 2085.549330967734;
371.9147466585497 2100.851485284629;

hate
317.085368155657 2134.7331083718204
325.99261011113435 2115.445261899262
335.4497877333797 2063.970319989912

head
621.128215855329 1696.8308493945353
541.3152665503012  1700.5574585503682
604.4000767531943 1737.5004928218552

how'd
765.5981014848549 1459.9897125716293 > 459.8534275100846 824.405049522424
731.4767216729684 1581.9421495483712 > 546.8486024022742 851.8100231351939
775.5314659299315 1446.047088888915 > 557.6750701910897 867.9176796170892

haut
750.8392550531545 1240.4211206019625 > 419.75914371768187 813.2790548383879
703.9435506080065 1273.110449501419 > 435.92790560304263 832.439014387249
749.79584390221 1347.708755557451 > 425.41558665685955 831.4506543630191

hide
720.2649238712753 1025.0536868139761 > 339.1071678313535 2044.1155721779894
712.3003802630475 995.4697103461854 > 361.2269276367155 2052.546516960141
742.4594258427786 1012.8414484856453 > 358.492368527582 2136.864198031301

height
691.4417052755837 1618.6158630215043 > 311.3165558134836 2124.4565536791174
589.759175525766 1602.9370711607219 > 290.2752879034 2050.132201170591
720.0960256449757 1332.8482918817228 > 321.7069346082033 2166.6627524730675


---
hard
647.8314834844413 1099.955431458259;
671.821244361099 1020.4805994713645;
653.0894539518761 951.4012804971808;

herd
497.7387284371773 1259.2893269646265;
483.7683153486735 1368.6655329690695;
505.1789857219906 1128.7305074403998;

hoard
464.31697308475384 750.2558178533151;
513.360436618202 791.8166999146129;
542.7448519689605 795.9708773447807;

hear'd
334.95567535506234 1789.3922282403526
387.44989977886945 1542.068401199421
382.11629680916 1584.9977322770974

haired
420.038326738931 1766.9132956614744 
416.3728135620462 1755.1821666741027
454.43767044783897 1735.6845472725595